4.097351
0.5093861
5.511217
5.915864
3.080393
3.899886
4.172428
6.329782
4.554496
8.629543
7.703869
3.665651
8.458761
7.767487
2.126446
0.3547917
0.8437241
3.169583
3.365009
3.070251
7.139282
5.425497
8.042803
4.013311
2.96236
2.807185
6.298924
3.954275
4.25636
6.03878
3.498498
4.267562
6.280713
6.683743
4.638619
4.473962
8.509009
1.715428
4.543088
7.185075
3.831823
3.073371
4.971075
2.443063
3.658986
5.921353
2.338236
4.256171
3.77209
7.338389
4.902771
7.071284
1.341697
6.94642
7.237105
2.750317
5.862761
2.346932
3.552613
2.590094
0.8578592
4.980389
1.705647
3.346973
4.649827
3.319481
7.079386
2.744569
3.889382
6.223046
4.601259
5.420787
5.130144
3.44
6.016717
1.947884
3.445568
4.242228
6.287904
1.763908
3.799595
1.873122
5.047636
3.913267
3.739325
2.044554
7.317641
1.465219
5.251583
2.994477
7.513834
6.391878
4.075202
7.948492
5.213825
3.402334
7.303986
3.328476
5.802296
4.193205
3.312343
4.026407
1.154254
5.385717
4.233476
2.518493
9.226963
1.758355
7.046556
8.156974
2.4772
4.839869
4.862907
4.243849
4.726604
5.055762
4.742689
3.85485
3.944918
2.140755
0.5917048
6.276094
2.801876
3.186279
2.881318
2.305909
3.0302
6.903768
4.331075
2.889854
6.367752
8.326439
3.37605
5.412411
3.648148
6.101677
4.00104
2.124307
1.684042
7.270286
3.497969
4.984601
4.869681
2.872648
2.00872
7.106576
0.5078493
4.630569
3.384059
6.968481
3.515578
4.622481
1.614989
6.426409
2.991027
5.440796
5.523878
2.649924
5.318977
3.845395
3.007923
7.041416
2.96812
9.420818
6.349364
3.051998
2.941631
4.303027
7.344137
10.03075
1.612135
1.828247
6.261457
1.920856
5.250191
4.296774
4.313819
8.532079
1.559469
3.212356
3.912047
2.906219
3.418863
4.311681
6.298424
4.067181
4.999764
1.888277
4.488808
5.892184
2.230735
3.231586
3.17157
10.14075
4.945314
2.11215
5.387185
3.624911
4.974656
4.289122
3.57597
3.107138
4.35032
1.032314
6.203621
6.299265
5.438004
2.266229
1.823348
4.047567
